      99     593    3596 01.s
      58     366    2204 02.s
      25     156     934 03.s
      68     480    3126 04.s
      73     587    3480 05.s
      52     385    2310 06.s
      46     317    1829 07.s
      33     199    1216 08.s
      56     426    2531 09.s
     126    1015    5970 10.s
      55     374    2278 11.s
      93     689    4172 12.s
      66     504    3053 13.s
      78     591    3578 14.s
      80     699    4064 15.s
      54     407    2415 16.s
      41     270    1605 17.s
      53     436    2572 18.s
      74     542    3212 19.s
      94     776    4558 20.s
      41     295    1709 21.s
      33     265    1602 22.s
      44     357    2077 23.s
      47     329    2051 24.s
      42     338    2011 25.s
      60     472    2835 26.s
      70     508    3029 27.s
      88     796    4736 28.s
      46     329    1976 29.s
      51     418    2432 30.s
      50     382    2237 31.s
      88     662    3953 32.s
      65     496    2950 33.s
      45     318    1869 34.s
    2094   15777   94170 total
