      71     578    3389 01.s
      35     276    1547 02.s
      48     383    2210 03.s
      56     382    2274 04.s
      62     582    3372 05.s
     131    1207    7094 06.s
     104     915    5519 07.s
      62     592    3460 08.s
      96     757    4422 09.s
      27     196    1161 10.s
      82     684    4065 11.s
     100     745    4477 12.s
      87     720    4190 13.s
     132    1261    7501 14.s
      53     417    2452 15.s
      64     550    3212 16.s
      48     359    2173 17.s
     116     891    5415 18.s
      87     798    4639 19.s
     233    2020   11838 20.s
      56     420    2499 21.s
     145    1174    7205 22.s
      73     577    3413 23.s
     115     948    5683 24.s
      91     774    4488 25.s
      87     744    4417 26.s
     122    1130    6415 27.s
     104     829    4819 28.s
     150    1227    7225 29.s
     134    1094    6339 30.s
      74     533    3092 31.s
     122     916    5391 32.s
     123    1017    5904 33.s
    3090   25696  151300 total
