     106     718    4288 01.s
      96     792    4662 02.s
      55     374    2274 03.s
     107     813    5006 04.s
      55     352    2077 05.s
     226    2149   12719 06.s
     113     862    5148 07.s
      61     391    2355 08.s
     139    1112    6636 09.s
     134    1089    6828 10.s
     106     772    4623 11.s
     209    1670   10091 12.s
     102     799    4793 13.s
      58     507    2984 14.s
      65     404    2449 15.s
     211    1563    9343 16.s
      36     193    1213 17.s
      50     319    1891 18.s
      96     731    4409 19.s
      95     694    4227 20.s
      87     724    4195 21.s
      69     447    2730 22.s
      27     155     982 23.s
      75     553    3355 24.s
      95     709    4248 25.s
     104     773    4682 26.s
      72     499    2962 27.s
     100     737    4419 28.s
     138    1040    6404 29.s
      45     301    1861 30.s
      89     652    3948 31.s
      39     229    1372 32.s
      51     372    2184 33.s
    3111   23495  141358 total
